1 29 0 1 1171 43 0 0 0 0 0 
1 29 1 1 1297 43 0 0 0 0 0
1 29 2 1 1456 43 0 0 0 0 0
1 29 3 1 1606 43 0 0 0 0 0

1 29 0 2 1171 43 0 0 0 0 0 
1 29 1 2 1297 43 0 0 0 0 0
1 29 2 2 1456 43 0 0 0 0 0
1 29 3 2 1606 43 0 0 0 0 0

2 34 0 1 1174 43 0 0 0 0 0 
2 34 1 1 1309 43 0 0 0 0 0
2 34 2 1 1459 43 0 0 0 0 0
2 34 3 1 1609 43 0 0 0 0 0

2 34 0 2 1174 43 0 0 0 0 0 
2 34 1 2 1309 43 0 0 0 0 0
2 34 2 2 1459 43 0 0 0 0 0
2 34 3 2 1609 43 0 0 0 0 0

3 39 0 1 1162 43 0 0 0 0 0 
3 39 1 1 1261 43 0 0 0 0 0
3 39 2 1 1447 43 0 0 0 0 0
3 39 3 1 1597 43 0 0 0 0 0

3 39 0 2 1162 43 0 0 0 0 0 
3 39 1 2 1261 43 0 0 0 0 0
3 39 2 2 1447 43 0 0 0 0 0
3 39 3 2 1597 43 0 0 0 0 0

4 44 0 1 1168 43 0 0 0 0 0 
4 44 1 1 1285 43 0 0 0 0 0
4 44 2 1 1453 43 0 0 0 0 0
4 44 3 1 1603 43 0 0 0 0 0

4 44 0 2 1168 43 0 0 0 0 0 
4 44 1 2 1285 43 0 0 0 0 0
4 44 2 2 1453 43 0 0 0 0 0
4 44 3 2 1603 43 0 0 0 0 0

5 49 0 1 1165 43 0 0 0 0 0 
5 49 1 1 1273 43 0 0 0 0 0
5 49 2 1 1450 43 0 0 0 0 0
5 49 3 1 1600 43 0 0 0 0 0

5 49 0 2 1165 43 0 0 0 0 0 
5 49 1 2 1273 43 0 0 0 0 0
5 49 2 2 1450 43 0 0 0 0 0
5 49 3 2 1600 43 0 0 0 0 0

6 84 0 1 1186 43 0 0 0 0 0
6 84 1 1 1321 43 0 0 0 0 0
6 84 2 1 1471 43 0 0 0 0 0
6 84 3 1 1621 43 0 0 0 0 0

6 84 0 2 1186 43 0 0 0 0 0
6 84 1 2 1321 43 0 0 0 0 0
6 84 2 2 1471 43 0 0 0 0 0
6 84 3 2 1621 43 0 0 0 0 0

7 89 0 1 1189 43 0 0 0 0 0
7 89 1 1 1324 43 0 0 0 0 0
7 89 2 1 1474 43 0 0 0 0 0
7 89 3 1 1624 43 0 0 0 0 0

7 89 0 2 1189 43 0 0 0 0 0
7 89 1 2 1324 43 0 0 0 0 0
7 89 2 2 1474 43 0 0 0 0 0
7 89 3 2 1624 43 0 0 0 0 0

8 94 0 1 1177 43 0 0 0 0 0
8 94 1 1 1312 43 0 0 0 0 0
8 94 2 1 1462 43 0 0 0 0 0
8 94 3 1 1612 43 0 0 0 0 0

8 94 0 2 1177 43 0 0 0 0 0
8 94 1 2 1312 43 0 0 0 0 0
8 94 2 2 1462 43 0 0 0 0 0
8 94 3 2 1612 43 0 0 0 0 0

9 99 0 1 1183 43 0 0 0 0 0
9 99 1 1 1318 43 0 0 0 0 0
9 99 2 1 1468 43 0 0 0 0 0
9 99 3 1 1618 43 0 0 0 0 0

9 99 0 2 1183 43 0 0 0 0 0
9 99 1 2 1318 43 0 0 0 0 0
9 99 2 2 1468 43 0 0 0 0 0
9 99 3 2 1618 43 0 0 0 0 0

10 104 0 1 1180 43 0 0 0 0 0
10 104 1 1 1315 43 0 0 0 0 0
10 104 2 1 1465 43 0 0 0 0 0
10 104 3 1 1615 43 0 0 0 0 0

10 104 0 2 1180 43 0 0 0 0 0
10 104 1 2 1315 43 0 0 0 0 0
10 104 2 2 1465 43 0 0 0 0 0
10 104 3 2 1615 43 0 0 0 0 0



11 119 0 1 1201 43 0 0 0 0 0
11 119 1 1 1336 43 0 0 0 0 0
11 119 2 1 1486 43 0 0 0 0 0
11 119 3 1 1636 43 0 0 0 0 0

11 119 0 2 1201 43 0 0 0 0 0
11 119 1 2 1336 43 0 0 0 0 0
11 119 2 2 1486 43 0 0 0 0 0
11 119 3 2 1636 43 0 0 0 0 0

12 124 0 1 1204 43 0 0 0 0 0
12 124 1 1 1339 43 0 0 0 0 0
12 124 2 1 1489 43 0 0 0 0 0
12 124 3 1 1639 43 0 0 0 0 0

12 124 0 2 1204 43 0 0 0 0 0
12 124 1 2 1339 43 0 0 0 0 0
12 124 2 2 1489 43 0 0 0 0 0
12 124 3 2 1639 43 0 0 0 0 0

13 129 0 1 1192 43 0 0 0 0 0
13 129 1 1 1327 43 0 0 0 0 0
13 129 2 1 1477 43 0 0 0 0 0
13 129 3 1 1627 43 0 0 0 0 0

13 129 0 2 1192 43 0 0 0 0 0
13 129 1 2 1327 43 0 0 0 0 0
13 129 2 2 1477 43 0 0 0 0 0
13 129 3 2 1627 43 0 0 0 0 0

14 134 0 1 1198 43 0 0 0 0 0
14 134 1 1 1333 43 0 0 0 0 0
14 134 2 1 1483 43 0 0 0 0 0
14 134 3 1 1633 43 0 0 0 0 0

14 134 0 2 1198 43 0 0 0 0 0
14 134 1 2 1333 43 0 0 0 0 0
14 134 2 2 1483 43 0 0 0 0 0
14 134 3 2 1633 43 0 0 0 0 0

15 139 0 1 1195 43 0 0 0 0 0
15 139 1 1 1330 43 0 0 0 0 0
15 139 2 1 1480 43 0 0 0 0 0
15 139 3 1 1630 43 0 0 0 0 0

15 139 0 2 1195 43 0 0 0 0 0
15 139 1 2 1330 43 0 0 0 0 0
15 139 2 2 1480 43 0 0 0 0 0
15 139 3 2 1630 43 0 0 0 0 0

16 149 0 1 2368 100 100 50 10 100 100
16 149 1 1 2368 100 100 50 10 100 100
16 149 2 1 2368 100 100 50 10 100 100
16 149 3 1 2368 100 100 50 10 100 100

16 149 0 2 2373 100 100 50 10 100 100
16 149 1 2 2373 100 100 50 10 100 100
16 149 2 2 2373 100 100 50 10 100 100
16 149 3 2 2368 100 100 50 10 100 100

17 154 0 1 809 43 3 2 45 0 0
17 154 1 1 824 43 3 2 45 0 0
17 154 2 1 809 43 3 2 45 0 0
17 154 3 1 824 43 3 2 45 0 0

17 154 0 2 854 43 3 60 20 0 0
17 154 1 2 899 43 3 60 20 0 0
17 154 2 2 854 43 3 60 20 0 0
17 154 3 2 824 43 3 2 45 0 0

18 159 0 1 1216 43 0 0 0 0 0
18 159 1 1 1351 43 0 0 0 0 0
18 159 2 1 1501 43 0 0 0 0 0
18 159 3 1 1651 43 0 0 0 0 0

18 159 0 2 1216 43 0 0 0 0 0
18 159 1 2 1351 43 0 0 0 0 0
18 159 2 2 1501 43 0 0 0 0 0
18 159 3 2 1651 43 0 0 0 0 0

19 169 0 1 1219 43 0 0 0 0 0
19 169 1 1 1354 43 0 0 0 0 0
19 169 2 1 1504 43 0 0 0 0 0
19 169 3 1 1654 43 0 0 0 0 0

19 169 0 2 1219 43 0 0 0 0 0
19 169 1 2 1354 43 0 0 0 0 0
19 169 2 2 1504 43 0 0 0 0 0
19 169 3 2 1654 43 0 0 0 0 0

20 179 0 1 1207 43 0 0 0 0 0
20 179 1 1 1342 43 0 0 0 0 0
20 179 2 1 1492 43 0 0 0 0 0
20 179 3 1 1642 43 0 0 0 0 0

20 179 0 2 1207 43 0 0 0 0 0
20 179 1 2 1342 43 0 0 0 0 0
20 179 2 2 1492 43 0 0 0 0 0
20 179 3 2 1642 43 0 0 0 0 0

21 189 0 1 1213 43 0 0 0 0 0
21 189 1 1 1348 43 0 0 0 0 0
21 189 2 1 1498 43 0 0 0 0 0
21 189 3 1 1648 43 0 0 0 0 0

21 189 0 2 1213 43 0 0 0 0 0
21 189 1 2 1348 43 0 0 0 0 0
21 189 2 2 1498 43 0 0 0 0 0
21 189 3 2 1648 43 0 0 0 0 0

22 199 0 1 1210 43 0 0 0 0 0
22 199 1 1 1345 43 0 0 0 0 0
22 199 2 1 1495 43 0 0 0 0 0
22 199 3 1 1645 43 0 0 0 0 0

22 199 0 2 1210 43 0 0 0 0 0
22 199 1 2 1345 43 0 0 0 0 0
22 199 2 2 1495 43 0 0 0 0 0
22 199 3 2 1645 43 0 0 0 0 0

23 254 0 1 3551 43 3 2 45 0 0
23 254 1 1 3556 43 3 2 45 0 0
23 254 2 1 3551 43 3 2 45 0 0
23 254 3 1 3556 43 3 2 45 0 0

23 254 0 2 3566 43 3 60 20 0 0
23 254 1 2 3582 43 3 60 20 0 0
23 254 2 2 3566 43 3 60 20 0 0
23 254 3 2 3556 43 3 2 45 0 0